4 0
4 0
4 0
4 0
4 0
4 0
4 0
4 0
4 0
4 0
4 0
4 0
4 0
4 0
4 0
4 0
3 3
3 3
3 3
3 3
3 3
3 3
3 3
3 3
3 3
3 3
3 3
3 3
3 3
3 3
3 3
3 3
3 3
3 3
3 3
3 3
10 3
10 3
10 3
10 3
10 3
10 3
10 3
10 3
10 3
10 3
10 3
10 3
10 3
10 3
10 3
10 3
10 3
10 3
10 4
10 4
10 4
10 4
10 4
10 4
10 4
10 4
10 4
10 4
10 4
10 4
10 4
10 4
10 4
10 4
10 4
10 4
10 4
10 4
12 5
12 5
12 5
12 5
12 5
12 5
12 5
12 5
4 7
4 7
4 7
4 7
4 7
4 7
4 7
4 7
4 7
4 7
4 7
4 7
4 7
4 7
4 7
4 7
4 7
4 7
4 8
4 8
4 8
4 8
4 8
4 8
4 8
4 8
4 8
4 8
4 8
4 8
4 8
4 8
4 8
4 8
4 8
4 8
4 8
4 8
2 10
2 10
2 10
2 10
2 10
2 10
2 10
2 10
2 10
2 10
2 10
2 10
2 10
2 10
2 10
2 10
2 10
2 10
2 10
2 10
2 10
2 10
2 10
2 10
2 10
2 10
7 10
7 10
7 10
7 10
7 10
7 10
7 10
7 10
7 10
7 10
7 10
7 10
7 10
7 10
7 10
7 10
7 10
7 10
7 10
7 10
7 10
11 10
11 10
11 10
11 10
11 10
11 10
11 10
11 10
11 10
11 10
11 10
11 10
11 10
11 10
11 10
11 10
11 10
11 10
11 10
11 10
11 10
11 10
1 11
1 11
1 11
1 11
1 11
1 11
1 11
1 11
1 11
1 11
1 11
1 11
1 11
1 11
1 11
1 11
1 11
1 12
1 12
1 12
1 12
1 12
1 12
1 12
1 12
1 12
1 12
1 12
1 12
1 12
1 12
1 12
1 12
1 12
1 12
1 12
1 12
1 12
1 12
9 12
9 12
9 12
9 12
9 12
9 12
9 12
9 12
9 12
9 12
9 12
9 12
9 12
9 12
0 13
0 13
0 13
0 13
0 13
0 13
0 13
10 13
10 13
10 13
10 13
10 13
10 13
10 13
10 13
10 13
10 13
10 13
10 13
10 13
10 13
10 13
10 13
10 13
10 13
10 13
10 13
10 13
10 13
10 13
1 14
1 14
1 14
1 14
1 14
1 14
1 14
1 14
1 14
1 14
1 14
1 14
1 14
1 14
1 14
1 14
1 14
1 14
1 14
8 14
8 14
8 14
8 14
8 14
8 14
8 14
8 14
8 14
8 14
8 14
8 14
8 14
8 14
8 14
8 14
8 14
8 14
8 14
12 14
12 14
12 14
12 14
12 14
12 14
12 14
12 14
12 14
12 14
12 14
12 14
12 14
12 14
12 14
12 14
12 14
11 15
11 15
11 15
11 15
11 15
11 15
11 15
11 15
11 15
11 15
11 15
11 15
11 15
11 15
11 15
11 15
11 15
11 15
11 15
2 16
2 16
2 16
2 16
2 16
2 16
2 16
2 16
2 16
2 16
2 16
2 16
2 16
2 16
2 16
