9 0
9 0
9 0
9 0
9 0
9 0
9 0
9 0
19 0
19 0
19 0
19 0
19 0
19 0
19 0
19 0
19 0
20 0
20 0
20 0
20 0
20 0
20 0
20 0
20 0
20 0
20 0
20 0
20 0
20 0
20 0
18 2
18 2
18 2
18 2
18 2
18 2
18 2
18 2
18 2
18 2
18 2
18 2
18 2
18 2
18 2
18 2
18 2
18 2
18 2
18 2
18 2
18 2
18 2
18 2
18 2
18 2
18 2
25 3
25 3
25 3
25 3
25 3
25 3
25 3
25 3
25 3
25 3
25 3
20 6
20 6
20 6
20 6
20 6
20 6
20 6
20 6
20 6
20 6
20 6
20 6
20 6
20 6
20 6
20 6
20 6
16 7
16 7
16 7
16 7
16 7
16 7
16 7
16 7
16 7
16 7
16 7
16 7
3 10
3 10
3 10
3 10
3 10
3 10
3 10
3 10
3 10
3 10
3 10
3 10
3 10
3 10
3 10
3 10
25 16
25 16
25 16
25 16
25 16
25 16
25 16
25 16
25 16
25 16
25 16
25 16
25 16
8 18
8 18
8 18
8 18
8 18
8 18
8 18
8 18
8 18
8 18
8 18
8 18
8 18
8 18
8 18
8 18
8 18
8 18
8 18
8 18
8 18
8 18
8 18
8 18
8 18
8 18
8 18
8 18
8 18
8 18
24 19
24 19
24 19
24 19
24 19
24 19
24 19
24 19
24 19
24 19
24 19
24 19
24 19
24 19
24 19
24 19
24 19
24 19
21 20
21 20
21 20
21 20
21 20
21 20
21 20
21 20
21 20
21 20
21 20
21 20
21 20
21 20
21 20
10 21
10 21
10 21
10 21
10 21
10 21
10 21
10 21
10 21
10 21
10 21
10 21
10 21
10 21
10 21
10 21
5 25
5 25
5 25
5 25
5 25
5 25
5 25
5 25
5 25
5 25
5 25
5 25
5 25
5 25
5 25
5 25
5 25
5 25
5 25
5 25
5 25
5 25
5 25
5 25
9 25
9 25
9 25
9 25
9 25
9 25
9 25
9 25
9 25
9 25
9 25
9 25
9 25
9 25
9 25
9 25
9 25
9 25
21 28
21 28
21 28
21 28
21 28
21 28
21 28
21 28
21 28
21 28
21 28
21 28
21 28
21 28
21 28
3 30
3 30
3 30
3 30
3 30
3 30
3 30
3 30
3 30
3 30
3 30
3 30
3 30
3 30
3 30
3 30
3 30
6 31
6 31
6 31
6 31
6 31
6 31
6 31
6 31
6 31
6 31
6 31
6 31
6 31
6 31
6 31
6 31
6 31
6 31
6 31
6 31
6 31
20 32
20 32
20 32
20 32
20 32
20 32
20 32
20 32
20 32
20 32
20 32
20 32
20 32
20 32
20 32
20 32
5 33
5 33
5 33
5 33
5 33
5 33
5 33
5 33
5 33
5 33
5 33
5 33
