3 0
3 0
3 0
3 0
3 0
3 0
3 0
3 0
3 0
3 0
3 0
3 0
3 0
3 0
3 0
3 0
3 0
3 0
3 0
3 0
3 0
11 8
11 8
11 8
11 8
11 8
11 8
11 8
11 8
11 8
11 8
11 8
11 8
11 8
11 8
11 8
11 8
21 8
21 8
21 8
21 8
21 8
21 8
21 8
21 8
21 8
21 8
21 8
21 8
21 8
21 8
21 8
21 8
21 8
21 8
21 8
5 11
5 11
5 11
5 11
5 11
5 11
5 11
5 11
5 11
5 11
5 11
5 11
5 11
5 11
5 11
5 11
5 11
5 11
5 11
5 11
1 13
1 13
1 13
1 13
1 13
1 13
1 13
1 13
1 13
1 13
1 13
1 13
1 13
14 13
14 13
14 13
14 13
14 13
14 13
14 13
14 13
14 13
14 13
14 13
14 13
14 13
14 13
14 13
14 13
14 13
14 13
14 13
14 13
5 15
5 15
5 15
5 15
5 15
5 15
5 15
5 15
5 15
5 15
5 15
5 15
5 15
5 15
5 15
5 15
5 15
5 15
5 15
5 15
5 15
5 15
5 15
5 15
5 15
5 15
5 15
5 15
5 15
13 15
13 15
13 15
13 15
13 15
13 15
13 15
13 15
13 15
13 15
13 15
13 15
13 15
13 15
13 15
13 15
13 15
13 15
13 15
13 15
15 17
15 17
15 17
15 17
15 17
15 17
15 17
15 17
15 17
15 17
15 17
15 17
15 17
15 17
15 17
15 17
15 17
15 17
16 17
16 17
16 17
16 17
16 17
16 17
16 17
16 17
16 17
16 17
16 17
16 17
16 17
16 17
16 17
9 18
9 18
9 18
9 18
9 18
9 18
9 18
9 18
9 18
9 18
9 18
9 18
9 18
9 18
9 18
9 18
9 18
9 18
9 18
9 18
9 18
9 18
9 21
9 21
9 21
9 21
9 21
9 21
9 21
9 21
9 21
9 21
9 21
9 21
9 21
9 21
16 22
16 22
16 22
16 22
16 22
16 22
16 22
16 22
16 22
16 22
16 22
16 22
16 22
16 22
16 22
1 23
1 23
1 23
1 23
1 23
1 23
1 23
1 23
1 23
1 23
1 23
1 23
1 23
1 23
1 23
1 23
1 23
1 23
1 23
1 23
1 23
1 23
1 23
5 24
5 24
5 24
5 24
5 24
5 24
5 24
5 24
5 24
5 24
5 24
5 24
5 24
5 24
5 24
5 24
18 24
18 24
18 24
18 24
18 24
18 24
18 24
18 24
18 24
18 24
18 24
18 24
18 24
18 24
18 24
7 25
7 25
7 25
7 25
7 25
7 25
7 25
7 25
7 25
7 25
7 25
7 25
7 25
7 25
7 25
7 25
7 25
7 25
7 25
7 25
7 25
7 25
11 27
11 27
11 27
11 27
11 27
11 27
11 27
11 27
11 27
11 27
11 27
11 27
11 27
11 27
11 27
2 28
2 28
2 28
2 28
2 28
2 28
2 28
2 28
2 28
2 28
2 28
2 28
2 28
2 28
2 28
2 28
2 28
2 28
2 28
2 28
10 29
10 29
10 29
10 29
10 29
10 29
10 29
10 29
10 29
10 29
10 29
10 29
10 29
10 29
10 29
10 29
10 29
10 29
10 29
