11 8
11 8
11 8
11 8
11 8
11 8
11 8
11 8
11 8
11 8
11 8
11 8
11 8
11 8
11 8
11 8
11 8
11 8
11 8
10 10
10 10
10 10
10 10
10 10
10 10
10 10
10 10
10 10
10 10
10 10
10 10
10 10
10 10
10 10
10 10
10 10
10 10
10 10
10 10
10 10
10 10
10 10
10 10
10 10
11 12
11 12
11 12
11 12
11 12
11 12
11 12
11 12
11 12
11 12
11 12
11 12
11 12
11 12
11 12
11 12
11 12
1 13
1 13
1 13
1 13
1 13
1 13
1 13
1 13
1 13
1 13
1 13
1 13
1 13
1 13
1 13
15 14
15 14
15 14
15 14
15 14
15 14
15 14
15 14
15 14
15 14
15 14
15 14
15 14
15 14
15 14
15 14
15 14
15 14
25 16
25 16
25 16
25 16
25 16
25 16
25 16
25 16
25 16
25 16
25 16
1 18
1 18
1 18
1 18
1 18
1 18
1 18
1 18
1 18
1 18
1 18
1 18
1 18
1 18
1 18
1 18
1 18
1 18
1 18
19 23
19 23
19 23
19 23
19 23
19 23
19 23
19 23
19 23
19 23
19 23
19 23
19 23
19 23
19 23
21 23
21 23
21 23
21 23
21 23
21 23
21 23
21 23
21 23
21 23
21 23
21 23
21 23
21 23
21 23
21 23
21 24
21 24
21 24
21 24
21 24
21 24
21 24
21 24
21 24
21 24
21 24
21 24
21 24
21 24
21 24
21 24
21 24
21 24
21 24
21 24
9 25
9 25
9 25
9 25
9 25
9 25
9 25
9 25
9 25
9 25
9 25
9 25
9 25
9 25
9 25
9 25
9 25
9 25
9 25
9 25
22 25
22 25
22 25
22 25
22 25
22 25
22 25
22 25
22 25
22 25
22 25
22 25
22 25
22 25
22 25
22 25
22 25
22 25
22 25
22 25
22 25
22 25
22 25
22 25
3 26
3 26
3 26
3 26
3 26
3 26
3 26
3 26
3 26
3 26
3 26
3 26
3 26
3 26
3 26
3 26
3 26
3 26
3 26
3 26
3 26
3 26
3 26
15 26
15 26
15 26
15 26
15 26
15 26
15 26
15 26
15 26
15 26
15 26
15 26
15 26
15 26
15 26
15 26
15 26
17 27
17 27
17 27
17 27
17 27
17 27
17 27
17 27
17 27
17 27
17 27
17 27
17 27
17 27
17 27
17 27
17 27
17 27
17 27
17 27
17 27
17 27
10 30
10 30
10 30
10 30
10 30
10 30
10 30
10 30
10 30
10 30
10 30
10 30
10 30
10 30
10 30
10 30
10 30
10 30
4 31
4 31
4 31
4 31
4 31
4 31
4 31
4 31
4 31
4 31
4 31
4 31
4 31
4 31
4 31
4 31
4 31
4 31
4 31
4 31
4 31
4 31
4 31
8 31
8 31
8 31
8 31
8 31
8 31
8 31
8 31
8 31
8 31
8 31
8 31
8 31
8 31
8 31
8 31
8 31
8 31
8 31
8 31
8 31
8 31
8 31
8 31
10 33
10 33
10 33
10 33
10 33
10 33
10 33
11 33
11 33
11 33
11 33
11 33
11 33
11 33
11 33
11 33
11 33
11 33
11 33
15 33
15 33
15 33
15 33
15 33
15 33
15 33
15 33
15 33
15 33
15 33
15 33
15 33
