18 1
18 1
18 1
18 1
18 1
18 1
18 1
18 1
18 1
18 1
18 1
18 1
18 1
18 1
18 1
18 1
18 1
18 1
9 3
9 3
9 3
9 3
9 3
9 3
9 3
9 3
9 3
9 3
9 3
9 3
9 3
9 3
9 3
9 3
9 3
14 3
14 3
14 3
14 3
14 3
14 3
14 3
14 3
14 3
14 3
14 3
14 3
14 3
14 3
14 3
14 3
14 3
14 3
14 3
14 3
3 6
3 6
3 6
3 6
3 6
3 6
3 6
3 6
3 6
3 6
3 6
3 6
3 6
3 6
3 6
3 6
3 6
3 6
3 6
15 7
15 7
15 7
15 7
15 7
15 7
15 7
15 7
15 7
15 7
15 7
15 7
15 7
15 7
15 7
15 7
15 7
15 7
15 7
15 7
23 8
23 8
23 8
23 8
23 8
23 8
23 8
23 8
23 8
23 8
23 8
23 8
23 8
23 8
23 8
23 8
23 8
23 8
23 8
5 9
5 9
5 9
5 9
5 9
5 9
5 9
5 9
5 9
5 9
5 9
5 9
5 9
5 9
5 9
5 9
5 9
5 9
5 9
5 9
5 9
5 9
5 9
5 9
5 9
1 11
1 11
1 11
1 11
1 11
1 11
1 11
1 11
1 11
1 11
1 11
1 11
1 11
1 11
1 11
1 11
1 11
1 11
1 11
1 11
1 11
4 12
4 12
4 12
4 12
4 12
4 12
4 12
4 12
4 12
4 12
4 12
4 12
4 12
4 12
4 12
4 12
4 12
4 12
4 12
4 12
0 13
0 13
0 13
0 13
0 13
0 13
0 13
0 13
0 13
0 13
0 13
13 16
13 16
13 16
13 16
13 16
13 16
13 16
13 16
13 16
13 16
13 16
13 16
13 16
13 16
13 16
22 21
22 21
22 21
22 21
22 21
22 21
22 21
22 21
22 21
22 21
22 21
22 21
22 21
22 21
22 21
22 21
22 21
22 21
15 23
15 23
15 23
15 23
15 23
15 23
15 23
15 23
15 23
15 23
15 23
15 23
15 23
15 23
15 23
15 23
15 23
15 23
15 23
15 23
15 23
15 23
15 23
15 23
15 23
11 25
11 25
11 25
11 25
11 25
11 25
11 25
11 25
11 25
11 25
11 25
11 25
11 25
11 25
11 25
11 25
11 25
11 25
11 25
11 25
11 25
7 26
7 26
7 26
7 26
7 26
7 26
7 26
7 26
7 26
7 26
7 26
7 26
7 26
7 26
7 26
7 26
7 26
7 26
20 28
20 28
20 28
20 28
20 28
20 28
20 28
20 28
20 28
20 28
20 28
20 28
14 29
14 29
14 29
14 29
14 29
14 29
14 29
14 29
14 29
14 29
14 29
14 29
14 29
14 29
14 29
14 29
14 29
14 29
14 29
14 29
14 29
14 29
14 29
4 31
4 31
4 31
4 31
4 31
4 31
4 31
4 31
4 31
4 31
4 31
4 31
4 31
4 31
4 31
4 31
4 31
14 31
14 31
14 31
14 31
14 31
14 31
14 31
14 31
14 31
14 31
14 31
14 31
14 31
14 31
25 33
25 33
25 33
25 33
25 33
25 33
