11 0
11 0
11 0
11 0
11 0
11 0
11 0
11 0
11 0
11 0
11 0
11 0
11 0
11 0
15 1
15 1
15 1
15 1
15 1
15 1
15 1
15 1
15 1
15 1
15 1
15 1
15 1
15 1
15 1
15 1
15 1
15 1
15 1
15 1
15 1
15 1
17 3
17 3
17 3
17 3
17 3
17 3
17 3
17 3
17 3
17 3
17 3
17 3
21 3
21 3
21 3
21 3
21 3
21 3
21 3
21 3
10 9
10 9
10 9
10 9
10 9
10 9
10 9
10 9
10 9
10 9
10 9
10 9
10 9
10 9
10 9
10 9
10 9
10 9
10 9
15 12
15 12
15 12
15 12
15 12
15 12
15 12
15 12
15 12
15 12
15 12
15 12
15 12
15 12
15 12
15 12
15 12
15 12
15 12
15 12
15 12
15 12
15 12
15 12
15 12
16 13
16 13
16 13
16 13
16 13
16 13
16 13
16 13
16 13
16 13
16 13
16 13
16 13
16 13
16 13
16 13
16 13
16 13
16 13
16 13
16 13
18 13
18 13
18 13
18 13
18 13
18 13
18 13
18 13
18 13
18 13
18 13
18 13
18 13
18 13
18 13
18 13
18 13
17 14
17 14
17 14
17 14
17 14
17 14
17 14
17 14
17 14
17 14
17 14
17 14
17 14
17 14
17 14
15 15
15 15
15 15
15 15
15 15
15 15
15 15
15 15
15 15
15 15
15 15
15 15
15 15
15 15
15 15
15 15
5 17
5 17
5 17
5 17
5 17
5 17
5 17
5 17
5 17
5 17
5 17
5 17
5 17
5 17
5 17
5 17
5 17
5 17
5 17
15 21
15 21
15 21
15 21
15 21
15 21
15 21
15 21
15 21
15 21
15 21
15 21
15 21
15 21
15 21
15 21
15 21
15 21
1 25
1 25
1 25
1 25
1 25
1 25
1 25
1 25
1 25
1 25
1 25
1 25
1 25
1 25
1 25
1 25
1 25
1 25
7 25
7 25
7 25
7 25
7 25
7 25
7 25
7 25
7 25
7 25
7 25
7 25
7 25
7 25
7 25
7 25
7 25
7 25
7 25
7 25
7 25
0 26
0 26
0 26
0 26
0 26
0 26
0 26
0 26
0 26
0 26
0 26
0 26
0 26
0 26
12 27
12 27
12 27
12 27
12 27
12 27
12 27
12 27
12 27
12 27
12 27
12 27
12 27
12 27
12 27
12 27
12 27
12 27
12 27
12 27
12 27
12 27
12 27
12 27
12 27
12 27
6 28
6 28
6 28
6 28
6 28
6 28
6 28
6 28
6 28
6 28
6 28
6 28
6 28
6 28
6 28
6 28
6 28
2 29
2 29
2 29
2 29
2 29
2 29
2 29
2 29
2 29
2 29
2 29
2 29
2 29
2 29
2 29
2 29
2 29
2 29
2 29
2 29
2 29
7 31
7 31
7 31
7 31
7 31
7 31
7 31
7 31
7 31
7 31
7 31
7 31
7 31
7 31
7 31
18 32
18 32
18 32
18 32
18 32
18 32
18 32
18 32
18 32
18 32
18 32
18 32
