12 4
12 4
12 4
12 4
12 4
12 4
12 4
12 4
12 4
12 4
12 4
12 4
12 4
12 4
12 4
12 4
12 4
12 4
12 4
12 4
12 4
12 4
7 9
7 9
7 9
7 9
7 9
7 9
7 9
7 9
7 9
7 9
7 9
7 9
7 9
7 9
8 9
8 9
8 9
8 9
8 9
8 9
8 9
8 9
8 9
8 9
8 9
8 9
8 9
8 9
8 9
8 9
8 9
8 9
8 9
12 11
12 11
12 11
12 11
12 11
12 11
12 11
12 11
12 11
12 11
12 11
12 11
12 11
12 11
12 11
12 11
12 11
12 11
12 11
12 11
12 11
12 11
12 11
15 11
15 11
15 11
15 11
15 11
15 11
15 11
15 11
15 11
15 11
15 11
15 11
15 11
15 11
15 11
15 11
15 11
15 11
15 11
15 11
15 11
15 11
15 11
13 13
13 13
13 13
13 13
13 13
13 13
13 13
13 13
13 13
13 13
13 13
13 13
13 13
13 13
13 13
12 14
12 14
12 14
12 14
12 14
12 14
12 14
12 14
12 14
12 14
12 14
12 14
12 14
12 14
12 14
8 16
8 16
8 16
8 16
8 16
8 16
8 16
8 16
8 16
8 16
8 16
8 16
8 16
8 16
8 16
8 16
8 16
8 16
8 16
8 16
8 16
8 16
8 16
8 16
8 16
17 16
17 16
17 16
17 16
17 16
17 16
17 16
17 16
17 16
17 16
17 16
17 16
17 16
17 16
17 16
17 16
17 16
17 16
17 16
1 18
1 18
1 18
1 18
1 18
1 18
1 18
1 18
1 18
1 18
1 18
1 18
1 18
1 18
1 18
1 18
1 18
1 18
1 18
1 18
1 18
11 19
11 19
11 19
11 19
11 19
11 19
11 19
11 19
11 19
11 19
11 19
11 19
11 19
11 19
11 19
11 19
11 19
11 19
11 19
11 19
11 19
11 19
11 19
11 19
11 19
11 19
19 21
19 21
19 21
19 21
19 21
19 21
19 21
19 21
19 21
19 21
19 21
19 21
19 21
19 21
19 21
19 21
19 21
19 21
19 21
19 21
19 21
19 21
23 23
23 23
23 23
23 23
23 23
23 23
23 23
23 23
23 23
23 23
23 23
23 23
23 23
23 23
23 23
23 23
23 23
1 24
1 24
1 24
1 24
1 24
1 24
1 24
1 24
1 24
1 24
1 24
1 24
1 24
1 24
1 24
1 24
1 24
1 24
1 24
1 24
1 24
1 24
21 27
21 27
21 27
21 27
21 27
21 27
21 27
21 27
21 27
21 27
21 27
21 27
21 27
21 27
21 27
25 28
25 28
25 28
25 28
25 28
25 28
25 28
25 28
25 28
25 28
25 28
25 28
25 28
25 28
8 29
8 29
8 29
8 29
8 29
8 29
8 29
8 29
8 29
8 29
8 29
8 29
8 29
8 29
8 29
8 29
14 31
14 31
14 31
14 31
14 31
14 31
14 31
14 31
14 31
14 31
14 31
14 31
14 31
14 31
14 31
14 31
14 31
14 31
14 31
14 31
14 31
14 31
14 31
14 31
11 33
11 33
11 33
11 33
11 33
11 33
11 33
11 33
16 33
16 33
16 33
16 33
16 33
16 33
16 33
16 33
16 33
16 33
16 33
16 33
25 33
25 33
25 33
25 33
25 33
25 33
