1 1
1 1
1 1
1 1
1 1
1 1
1 1
1 1
1 1
1 1
1 1
1 1
1 1
1 1
1 1
1 1
1 1
1 1
1 1
1 1
1 1
1 1
1 1
1 1
1 1
1 1
8 1
8 1
8 1
8 1
8 1
8 1
8 1
8 1
8 1
8 1
8 1
8 1
8 1
8 1
8 1
8 1
3 2
3 2
3 2
3 2
3 2
3 2
3 2
3 2
3 2
3 2
3 2
3 2
3 2
3 2
3 2
3 2
3 2
3 2
3 2
3 2
3 2
3 2
3 2
3 2
3 2
3 2
3 2
3 2
3 2
7 4
7 4
7 4
7 4
7 4
7 4
7 4
7 4
7 4
7 4
7 4
7 4
7 4
7 4
7 4
7 4
7 4
7 4
10 4
10 4
10 4
10 4
10 4
10 4
10 4
10 4
10 4
10 4
10 4
10 4
10 4
10 4
10 4
10 4
10 4
10 4
10 4
10 4
4 5
4 5
4 5
4 5
4 5
4 5
4 5
4 5
4 5
4 5
4 5
4 5
4 5
4 5
5 8
5 8
5 8
5 8
5 8
5 8
5 8
5 8
5 8
5 8
5 8
5 8
5 8
5 8
5 8
5 8
17 8
17 8
17 8
17 8
17 8
17 8
17 8
17 8
17 8
17 8
17 8
17 8
17 8
17 8
17 8
17 8
17 8
17 8
17 8
17 8
2 9
2 9
2 9
2 9
2 9
2 9
2 9
2 9
2 9
2 9
2 9
2 9
15 11
15 11
15 11
15 11
15 11
15 11
15 11
15 11
15 11
15 11
15 11
15 11
15 11
15 11
15 11
15 11
15 11
15 11
15 11
15 11
16 11
16 11
16 11
16 11
16 11
16 11
16 11
16 11
16 11
16 11
16 11
16 11
16 11
16 11
16 11
16 11
16 11
16 11
16 11
16 11
16 11
16 11
20 13
20 13
20 13
20 13
20 13
20 13
20 13
20 13
20 13
20 13
20 13
20 13
20 13
20 13
20 13
20 13
20 13
1 16
1 16
1 16
1 16
1 16
1 16
1 16
1 16
1 16
1 16
1 16
1 16
18 17
18 17
18 17
18 17
18 17
18 17
18 17
18 17
18 17
18 17
18 17
18 17
18 17
18 17
18 17
18 17
18 17
2 21
2 21
2 21
2 21
2 21
2 21
2 21
2 21
2 21
2 21
2 21
2 21
14 21
14 21
14 21
14 21
14 21
14 21
14 21
14 21
14 21
14 21
14 21
14 21
14 21
14 21
14 21
14 21
14 21
14 21
14 21
14 21
14 21
21 24
21 24
21 24
21 24
21 24
21 24
21 24
21 24
21 24
21 24
21 24
17 25
17 25
17 25
17 25
17 25
17 25
17 25
17 25
17 25
17 25
17 25
17 25
17 25
17 25
17 25
17 25
17 25
17 25
17 25
17 25
17 25
17 25
22 25
22 25
22 25
22 25
22 25
22 25
22 25
22 25
22 25
22 25
22 25
22 25
22 25
22 25
22 25
22 25
22 25
22 25
3 26
3 26
3 26
3 26
3 26
3 26
3 26
3 26
3 26
3 26
3 26
3 26
3 26
3 26
3 26
3 26
3 26
3 26
3 26
3 26
3 26
3 26
