19 0
19 0
19 0
19 0
19 0
19 0
19 0
19 0
22 1
22 1
22 1
22 1
22 1
22 1
22 1
22 1
22 1
22 1
22 1
22 1
22 1
22 1
22 1
22 1
22 1
22 1
22 1
22 1
22 1
22 1
5 4
5 4
5 4
5 4
5 4
5 4
5 4
5 4
5 4
5 4
5 4
5 4
5 4
5 4
5 4
5 4
5 4
5 4
5 4
5 4
5 4
5 4
5 4
5 4
5 4
1 10
1 10
1 10
1 10
1 10
1 10
1 10
1 10
1 10
1 10
1 10
1 10
15 10
15 10
15 10
15 10
15 10
15 10
15 10
15 10
15 10
15 10
15 10
15 10
15 10
15 10
15 10
15 10
15 10
15 10
15 10
15 10
15 10
15 10
12 12
12 12
12 12
12 12
12 12
12 12
12 12
12 12
12 12
12 12
12 12
12 12
12 12
12 12
12 12
12 12
12 12
21 13
21 13
21 13
21 13
21 13
21 13
21 13
21 13
21 13
21 13
21 13
21 13
21 13
21 13
21 13
21 13
21 13
21 13
21 13
21 13
7 16
7 16
7 16
7 16
7 16
7 16
7 16
7 16
7 16
7 16
7 16
7 16
7 16
21 17
21 17
21 17
21 17
21 17
21 17
21 17
21 17
21 17
21 17
21 17
21 17
21 17
21 17
21 17
25 17
25 17
25 17
25 17
25 17
25 17
25 17
25 17
25 17
6 19
6 19
6 19
6 19
6 19
6 19
6 19
6 19
6 19
6 19
6 19
6 19
6 19
6 19
6 19
6 19
6 19
2 21
2 21
2 21
2 21
2 21
2 21
2 21
2 21
2 21
2 21
2 21
2 21
2 21
2 21
2 21
2 21
2 21
2 21
2 21
2 21
2 21
2 21
8 21
8 21
8 21
8 21
8 21
8 21
8 21
8 21
8 21
8 21
8 21
8 21
8 21
8 21
8 21
8 21
8 21
8 21
9 21
9 21
9 21
9 21
9 21
9 21
9 21
9 21
9 21
9 21
9 21
9 21
9 21
9 21
9 21
25 23
25 23
25 23
25 23
25 23
25 23
24 24
24 24
24 24
24 24
24 24
24 24
24 24
24 24
24 24
24 24
24 24
24 24
24 24
24 24
24 24
24 24
24 24
24 24
24 24
24 24
24 24
24 24
24 24
24 24
24 24
24 24
24 24
24 24
24 24
24 24
3 25
3 25
3 25
3 25
3 25
3 25
3 25
3 25
3 25
3 25
3 25
3 25
3 25
3 25
3 25
3 25
3 25
3 25
3 25
3 25
11 26
11 26
11 26
11 26
11 26
11 26
11 26
11 26
11 26
11 26
11 26
11 26
11 26
11 26
11 26
25 26
25 26
25 26
25 26
25 26
25 26
25 26
25 26
25 26
5 28
5 28
5 28
5 28
5 28
5 28
5 28
5 28
5 28
5 28
5 28
5 28
5 28
8 30
8 30
8 30
8 30
8 30
8 30
8 30
8 30
8 30
8 30
8 30
8 30
8 30
8 30
8 30
8 30
8 30
8 30
