20 4
20 4
20 4
20 4
20 4
20 4
20 4
20 4
20 4
20 4
20 4
20 4
20 4
20 4
20 4
20 4
25 4
25 4
25 4
25 4
25 4
25 4
25 4
25 4
25 4
25 4
25 4
6 6
6 6
6 6
6 6
6 6
6 6
6 6
6 6
6 6
6 6
6 6
6 6
6 6
6 6
6 6
6 6
6 6
6 6
6 6
6 6
13 6
13 6
13 6
13 6
13 6
13 6
13 6
13 6
13 6
13 6
13 6
13 6
13 6
13 6
13 6
13 6
13 6
13 6
18 9
18 9
18 9
18 9
18 9
18 9
18 9
18 9
18 9
18 9
18 9
18 9
18 9
18 9
18 9
7 10
7 10
7 10
7 10
7 10
7 10
7 10
7 10
7 10
7 10
7 10
7 10
7 10
7 10
7 10
7 10
7 10
7 10
7 10
7 10
8 11
8 11
8 11
8 11
8 11
8 11
8 11
8 11
8 11
8 11
8 11
8 11
8 11
8 11
8 11
8 11
8 11
8 11
8 11
8 11
14 11
14 11
14 11
14 11
14 11
14 11
14 11
14 11
14 11
14 11
14 11
14 11
14 11
14 11
14 11
14 11
14 11
14 11
14 11
14 11
14 11
14 11
14 11
14 11
22 11
22 11
22 11
22 11
22 11
22 11
22 11
22 11
22 11
22 11
22 11
22 11
22 11
22 11
22 11
22 11
22 11
22 11
22 11
22 11
22 11
22 11
22 11
17 13
17 13
17 13
17 13
17 13
17 13
17 13
17 13
17 13
17 13
17 13
17 13
17 13
17 13
17 13
17 13
17 13
17 13
17 13
17 13
17 13
17 13
17 13
17 13
21 13
21 13
21 13
21 13
21 13
21 13
21 13
21 13
21 13
21 13
21 13
21 13
21 13
21 13
21 13
21 13
21 13
21 13
21 13
21 13
21 13
21 13
21 13
21 13
21 13
21 13
21 13
21 13
1 16
1 16
1 16
1 16
1 16
1 16
1 16
1 16
1 16
1 16
1 16
1 16
1 16
1 16
1 16
1 16
1 16
1 16
1 16
1 16
1 16
1 16
1 19
1 19
1 19
1 19
1 19
1 19
1 19
1 19
1 19
1 19
1 19
1 19
1 19
1 19
16 19
16 19
16 19
16 19
16 19
16 19
16 19
16 19
16 19
16 19
16 19
16 19
16 19
16 19
16 19
16 19
16 19
16 19
16 19
16 19
16 19
16 19
16 19
16 19
16 19
16 19
8 22
8 22
8 22
8 22
8 22
8 22
8 22
8 22
8 22
8 22
8 22
8 22
8 22
8 22
8 22
8 22
8 22
22 22
22 22
22 22
22 22
22 22
22 22
22 22
22 22
22 22
22 22
22 22
22 22
22 22
25 25
25 25
25 25
25 25
25 25
25 25
25 25
25 25
25 25
25 25
25 25
25 25
25 25
25 25
25 25
19 31
19 31
19 31
19 31
19 31
19 31
19 31
19 31
19 31
19 31
19 31
19 31
19 31
19 31
19 31
19 31
19 31
19 31
19 31
19 31
19 31
19 31
19 31
19 31
19 31
19 31
19 31
19 31
19 31
19 31
19 31
19 31
19 31
6 33
6 33
6 33
6 33
6 33
6 33
6 33
6 33
6 33
6 33
6 33
21 33
21 33
21 33
21 33
21 33
21 33
21 33
21 33
21 33
21 33
21 33
