9 0
9 0
9 0
9 0
9 0
9 0
9 0
9 0
19 0
19 0
19 0
19 0
19 0
19 0
19 0
19 0
19 0
19 0
19 0
19 0
19 0
19 0
19 0
19 0
19 0
19 0
19 0
19 0
20 0
20 0
20 0
20 0
18 2
18 2
18 2
18 2
18 2
18 2
18 2
18 2
18 2
18 2
18 2
18 2
18 2
18 2
18 2
18 2
18 2
18 2
18 2
18 2
18 2
18 2
18 2
18 2
18 2
25 3
25 3
25 3
25 3
25 3
25 3
25 3
25 3
25 3
25 3
25 3
25 3
25 3
25 3
25 3
25 3
25 3
25 3
25 3
25 3
25 3
21 6
21 6
21 6
21 6
21 6
21 6
21 6
21 6
21 6
21 6
17 7
17 7
17 7
17 7
17 7
17 7
17 7
17 7
17 7
17 7
17 7
17 7
17 7
17 7
17 7
17 7
17 7
17 7
17 7
17 7
17 7
5 10
5 10
5 10
5 10
5 10
5 10
5 10
5 10
5 10
5 10
5 10
5 10
5 10
5 10
5 10
5 10
5 10
5 10
5 10
5 10
5 10
1 17
1 17
1 17
1 17
1 17
1 17
1 17
1 17
1 17
1 17
1 17
1 17
1 17
1 17
1 17
1 17
1 17
1 17
1 17
1 17
1 17
1 17
1 17
11 18
11 18
11 18
11 18
11 18
11 18
11 18
11 18
11 18
11 18
11 18
2 20
2 20
2 20
2 20
2 20
2 20
2 20
2 20
2 20
2 20
2 20
2 20
2 20
2 20
2 20
2 20
2 20
2 20
0 21
0 21
0 21
0 21
0 21
0 21
0 21
0 21
0 21
0 21
0 21
0 21
15 21
15 21
15 21
15 21
15 21
15 21
15 21
15 21
15 21
15 21
15 21
15 21
15 21
15 21
15 21
12 25
12 25
12 25
12 25
12 25
12 25
12 25
12 25
12 25
12 25
12 25
12 25
12 25
12 25
12 25
12 25
12 25
12 25
12 25
12 25
12 25
16 25
16 25
16 25
16 25
16 25
16 25
16 25
16 25
16 25
16 25
16 25
16 25
16 25
14 28
14 28
14 28
14 28
14 28
14 28
14 28
14 28
14 28
14 28
14 28
14 28
14 28
14 28
14 28
5 29
5 29
5 29
5 29
5 29
5 29
5 29
5 29
5 29
5 29
5 29
5 29
5 29
5 29
5 29
5 29
5 29
5 29
5 29
5 29
5 29
5 29
5 29
14 30
14 30
14 30
14 30
14 30
14 30
14 30
14 30
14 30
14 30
14 30
14 30
14 30
14 30
14 30
14 30
14 30
14 30
14 30
14 30
14 30
14 30
14 30
14 30
14 30
14 30
14 30
14 30
17 31
17 31
17 31
17 31
17 31
17 31
17 31
17 31
17 31
5 33
5 33
5 33
5 33
5 33
5 33
5 33
5 33
5 33
5 33
5 33
5 33
5 33
5 33
5 33
5 33
5 33
5 33
