19 4
19 4
19 4
19 4
19 4
19 4
19 4
19 4
19 4
19 4
19 4
19 4
19 4
19 4
19 4
19 4
19 4
19 4
19 4
19 4
19 4
24 4
24 4
24 4
24 4
24 4
24 4
24 4
24 4
24 4
24 4
24 4
24 4
24 4
24 4
24 4
24 4
24 4
24 4
24 4
24 4
24 4
24 4
24 4
24 4
24 4
24 4
24 4
24 4
24 4
5 6
5 6
5 6
5 6
5 6
5 6
5 6
5 6
5 6
5 6
5 6
5 6
5 6
5 6
12 6
12 6
12 6
12 6
12 6
12 6
12 6
12 6
12 6
12 6
12 6
12 6
12 6
12 6
12 6
12 6
12 6
12 6
12 6
12 6
12 6
12 6
12 6
12 6
12 6
16 9
16 9
16 9
16 9
16 9
16 9
16 9
16 9
16 9
16 9
16 9
16 9
16 9
16 9
16 9
16 9
16 9
16 9
16 9
16 9
5 10
5 10
5 10
5 10
5 10
5 10
5 10
5 10
5 10
5 10
5 10
5 10
5 10
5 10
5 10
6 11
6 11
6 11
6 11
6 11
6 11
6 11
6 11
6 11
6 11
6 11
6 11
6 11
6 11
6 11
6 11
6 11
12 11
12 11
12 11
12 11
12 11
12 11
12 11
12 11
12 11
12 11
12 11
12 11
12 11
12 11
12 11
12 11
12 11
12 11
12 11
20 11
20 11
20 11
20 11
20 11
20 11
20 11
20 11
20 11
20 11
20 11
20 11
20 11
20 11
20 11
20 11
20 11
20 11
20 11
20 11
20 11
20 11
20 11
20 11
20 11
20 11
20 11
20 11
20 11
20 11
13 13
13 13
13 13
13 13
13 13
13 13
13 13
13 13
13 13
13 13
13 13
13 13
13 13
13 13
13 13
13 13
13 13
13 13
17 13
17 13
17 13
17 13
17 13
17 13
17 13
17 13
17 13
17 13
17 13
17 13
17 13
17 13
17 13
17 13
17 13
17 13
17 13
17 13
22 15
22 15
22 15
22 15
22 15
22 15
22 15
22 15
22 15
22 15
22 15
22 15
22 15
22 15
22 15
22 15
22 15
22 15
22 15
22 18
22 18
22 18
22 18
22 18
22 18
22 18
22 18
22 18
22 18
22 18
22 18
22 18
22 18
22 18
22 18
22 18
22 18
22 18
11 19
11 19
11 19
11 19
11 19
11 19
11 19
11 19
11 19
11 19
11 19
11 19
11 19
11 19
11 19
11 19
11 19
11 19
11 19
3 22
3 22
3 22
3 22
3 22
3 22
3 22
3 22
3 22
3 22
3 22
3 22
3 22
3 22
3 22
3 22
3 22
3 22
3 22
3 22
17 22
17 22
17 22
17 22
17 22
17 22
17 22
17 22
17 22
17 22
17 22
17 22
17 22
17 22
17 22
17 22
17 22
17 22
17 22
17 22
17 22
17 22
17 22
21 25
21 25
21 25
21 25
21 25
21 25
21 25
21 25
21 25
21 25
21 25
21 25
21 25
21 25
21 25
13 31
13 31
13 31
13 31
13 31
13 31
13 31
13 31
13 31
13 31
13 31
13 31
13 31
13 31
13 31
13 31
13 31
13 31
13 31
0 33
0 33
0 33
0 33
0 33
0 33
21 33
21 33
21 33
21 33
21 33
21 33
21 33
21 33
21 33
21 33
21 33
21 33
