2 1
2 1
2 1
2 1
2 1
2 1
2 1
2 1
2 1
2 1
2 1
2 1
2 1
2 1
2 1
2 1
2 1
2 1
2 1
2 1
2 1
5 1
5 1
5 1
5 1
5 1
5 1
5 1
5 1
5 1
5 1
5 1
5 1
5 1
5 1
5 1
5 1
5 1
5 1
5 1
5 1
5 1
5 1
5 1
5 1
5 1
5 1
5 1
5 1
2 2
2 2
2 2
2 2
2 2
2 2
2 2
2 2
2 2
2 2
2 2
2 2
2 2
2 2
2 2
2 2
2 2
2 2
2 2
2 2
2 2
3 3
3 3
3 3
3 3
3 3
3 3
3 3
3 3
3 3
3 3
3 3
3 3
3 3
3 3
3 3
3 3
3 3
3 3
3 3
3 3
3 3
3 3
3 3
4 6
4 6
4 6
4 6
4 6
4 6
4 6
4 6
4 6
4 6
4 6
4 6
4 6
4 6
4 6
4 6
4 6
4 6
4 6
4 6
6 6
6 6
6 6
6 6
6 6
6 6
6 6
6 6
6 6
6 6
6 6
6 6
6 6
6 6
6 6
6 6
6 6
1 7
1 7
1 7
1 7
1 7
1 7
1 7
1 7
1 7
1 7
1 7
1 7
1 7
1 7
1 7
1 7
1 7
1 7
8 7
8 7
8 7
8 7
8 7
8 7
8 7
8 7
8 7
8 7
8 7
8 7
8 7
8 7
8 7
8 7
8 7
8 7
8 7
8 7
8 7
12 7
12 7
12 7
12 7
12 7
12 7
12 7
12 7
12 7
12 7
12 7
12 7
12 7
12 7
12 7
12 7
12 7
12 7
12 7
12 7
12 7
12 7
12 7
12 7
12 7
9 8
9 8
9 8
9 8
9 8
9 8
9 8
9 8
9 8
9 8
9 8
9 8
9 8
9 8
9 8
9 8
9 8
9 8
9 8
9 8
9 8
0 10
0 10
0 10
0 10
0 10
0 10
0 10
0 10
0 10
0 10
4 10
4 10
4 10
4 10
4 10
4 10
4 10
4 10
4 10
4 10
4 10
4 10
4 10
4 10
4 10
4 10
4 10
4 10
4 10
4 10
4 10
4 10
4 10
4 10
4 10
4 10
4 10
11 10
11 10
11 10
11 10
11 10
11 10
11 10
11 10
11 10
11 10
11 10
11 10
11 10
11 10
11 10
11 10
0 11
0 11
0 11
0 11
0 11
0 11
0 11
6 12
6 12
6 12
6 12
6 12
6 12
6 12
6 12
6 12
6 12
6 12
6 12
6 12
6 12
6 12
11 12
11 12
11 12
11 12
11 12
11 12
11 12
11 12
11 12
11 12
11 12
11 12
11 12
11 12
11 12
11 12
11 12
11 12
11 12
11 12
11 12
11 12
2 14
2 14
2 14
2 14
2 14
2 14
2 14
2 14
2 14
2 14
2 14
2 14
2 14
2 14
2 14
2 14
2 14
6 15
6 15
6 15
6 15
6 15
6 15
6 15
6 15
6 15
6 15
6 15
6 15
6 15
6 15
8 15
8 15
8 15
8 15
8 15
8 15
8 15
8 15
8 15
8 15
8 15
8 15
8 15
8 15
8 15
8 15
8 15
1 16
1 16
1 16
1 16
1 16
1 16
1 16
1 16
1 16
1 16
1 16
1 16
1 16
1 16
1 16
1 16
1 16
