4 0
4 0
4 0
4 0
4 0
4 0
4 0
4 0
4 0
4 0
4 0
4 0
4 0
4 0
4 0
4 0
4 0
4 0
4 0
4 3
4 3
4 3
4 3
4 3
4 3
4 3
4 3
4 3
4 3
4 3
4 3
4 3
4 3
4 3
4 3
4 3
4 3
4 3
11 3
11 3
11 3
11 3
11 3
11 3
11 3
11 3
11 3
11 3
11 3
11 3
11 3
11 3
11 3
11 3
11 3
11 3
11 3
11 3
11 3
11 4
11 4
11 4
11 4
11 4
11 4
11 4
11 4
11 4
11 4
11 4
11 4
11 4
11 4
11 4
11 4
11 4
11 4
0 6
0 6
0 6
0 6
0 6
0 6
0 6
0 6
0 6
5 7
5 7
5 7
5 7
5 7
5 7
5 7
5 7
5 7
5 7
5 7
5 7
5 7
5 7
5 8
5 8
5 8
5 8
5 8
5 8
5 8
5 8
5 8
5 8
5 8
5 8
5 8
5 8
5 8
5 8
5 8
5 8
3 10
3 10
3 10
3 10
3 10
3 10
3 10
3 10
3 10
3 10
3 10
3 10
3 10
3 10
3 10
3 10
3 10
3 10
3 10
3 10
3 10
3 10
3 10
3 10
3 10
8 10
8 10
8 10
8 10
8 10
8 10
8 10
8 10
8 10
8 10
8 10
8 10
8 10
8 10
8 10
8 10
8 10
8 10
8 10
8 10
8 10
8 10
8 10
8 10
12 10
12 10
12 10
12 10
12 10
12 10
12 10
12 10
12 10
12 10
12 10
12 10
2 11
2 11
2 11
2 11
2 11
2 11
2 11
2 11
2 11
2 11
2 12
2 12
2 12
2 12
2 12
2 12
2 12
2 12
2 12
2 12
2 12
2 12
2 12
2 12
2 12
2 12
2 12
2 12
2 12
10 12
10 12
10 12
10 12
10 12
10 12
10 12
10 12
10 12
10 12
10 12
10 12
10 12
10 12
10 12
10 12
10 12
10 12
10 12
10 12
10 12
1 13
1 13
1 13
1 13
1 13
1 13
1 13
1 13
1 13
1 13
1 13
1 13
1 13
1 13
1 13
1 13
1 13
1 13
1 13
11 13
11 13
11 13
11 13
11 13
11 13
11 13
11 13
11 13
11 13
11 13
11 13
11 13
11 13
11 13
11 13
11 13
11 13
11 13
11 13
11 13
11 13
11 13
11 13
11 13
2 14
2 14
2 14
2 14
2 14
2 14
2 14
2 14
2 14
2 14
2 14
2 14
2 14
2 14
2 14
2 14
2 14
2 14
2 14
2 14
9 14
9 14
9 14
9 14
9 14
9 14
9 14
9 14
9 14
9 14
9 14
9 14
9 14
9 14
9 14
9 14
9 14
9 14
9 14
9 14
9 14
9 14
9 14
9 14
0 15
0 15
0 15
0 15
0 15
0 15
0 15
0 15
0 15
0 15
0 15
0 15
0 15
0 15
0 15
0 15
0 15
0 15
0 15
11 15
11 15
11 15
11 15
11 15
11 15
11 15
11 15
11 15
11 15
11 15
11 15
11 15
11 15
11 15
11 15
11 15
11 15
11 15
11 15
11 15
11 15
2 16
2 16
2 16
2 16
2 16
2 16
2 16
2 16
2 16
2 16
2 16
2 16
