0 0
0 0
0 0
0 0
0 0
0 0
13 3
13 3
13 3
13 3
13 3
13 3
13 3
13 3
13 3
13 3
13 3
13 3
13 3
24 6
24 6
24 6
24 6
24 6
24 6
24 6
24 6
24 6
24 6
24 6
24 6
24 6
24 6
24 6
24 6
16 7
16 7
16 7
16 7
16 7
16 7
16 7
16 7
16 7
16 7
16 7
16 7
16 7
16 7
16 7
16 7
16 7
16 7
16 7
16 7
16 7
16 7
16 7
16 7
16 7
12 8
12 8
12 8
12 8
12 8
12 8
12 8
12 8
12 8
12 8
12 8
12 8
12 8
12 8
12 8
12 8
12 8
12 8
12 8
12 8
12 8
25 12
25 12
25 12
25 12
25 12
25 12
25 12
25 12
25 12
25 12
8 14
8 14
8 14
8 14
8 14
8 14
8 14
8 14
8 14
8 14
8 14
8 14
8 14
8 14
8 14
8 14
8 14
8 14
8 14
8 14
8 14
8 14
8 14
8 14
8 14
8 14
8 14
22 15
22 15
22 15
22 15
22 15
22 15
22 15
22 15
22 15
22 15
22 15
22 15
22 15
22 15
22 15
22 15
10 17
10 17
10 17
10 17
10 17
10 17
10 17
10 17
10 17
10 17
10 17
10 17
10 17
10 17
10 17
10 17
10 17
10 17
10 17
10 17
10 17
10 17
10 17
10 17
10 17
10 17
10 17
10 17
10 17
10 17
10 17
10 17
10 17
10 17
10 17
10 17
4 18
4 18
4 18
4 18
4 18
4 18
4 18
4 18
4 18
4 18
4 18
4 18
4 18
4 18
4 18
4 18
4 18
4 18
4 18
4 18
4 18
24 19
24 19
24 19
24 19
24 19
24 19
24 19
24 19
24 19
24 19
24 19
24 19
24 19
24 19
24 19
24 19
24 19
24 19
24 19
24 19
24 19
24 19
24 19
24 19
24 19
24 19
24 19
24 19
24 19
25 19
25 19
25 19
25 19
25 19
25 19
25 19
25 19
25 19
25 19
14 20
14 20
14 20
14 20
14 20
14 20
14 20
14 20
14 20
14 20
14 20
14 20
14 20
14 20
14 20
14 20
14 20
14 20
14 20
14 20
14 20
14 20
14 20
14 20
14 20
14 20
14 20
14 20
14 20
14 20
14 20
14 20
23 22
23 22
23 22
23 22
23 22
23 22
23 22
23 22
23 22
23 22
23 22
23 22
23 22
23 22
25 22
25 22
25 22
25 22
25 22
25 22
25 22
25 22
25 22
25 22
25 22
25 22
25 22
25 22
25 22
25 22
21 23
21 23
21 23
21 23
21 23
21 23
21 23
21 23
21 23
21 23
21 23
21 23
21 23
21 23
21 23
21 23
21 23
21 23
10 24
10 24
10 24
10 24
10 24
10 24
10 24
10 24
10 24
10 24
10 24
10 24
10 24
10 24
10 24
10 24
10 24
10 24
10 24
10 24
10 24
2 26
2 26
2 26
2 26
2 26
2 26
2 26
2 26
2 26
2 26
2 26
2 26
2 26
2 26
2 26
2 26
2 26
2 26
2 26
2 26
2 26
2 26
14 26
14 26
14 26
14 26
14 26
14 26
14 26
14 26
14 26
14 26
14 26
14 26
14 26
14 26
14 26
14 26
14 26
14 26
14 26
14 26
14 26
11 31
11 31
11 31
11 31
11 31
11 31
11 31
11 31
11 31
11 31
11 31
11 31
11 31
11 31
11 31
11 31
11 31
11 31
11 31
11 31
11 31
